1714703405368 0.0 0
1714708801854 1.0 1
1714714061679 2.0 2
1714719407563 3.0 3
1714724651014 4.0 4
1714729993217 5.0 5
1714735343330 6.0 6
1714740518200 7.0 7
1714745889871 8.0 8
1714751240766 9.0 9
1714756429756 10.0 10
1714761745258 11.0 11
1714767129398 12.0 12
1714772354479 13.0 13
1714777709335 14.0 14
1714782967995 15.0 15
1714788322000 16.0 16
1714793693706 17.0 17
1714798859470 18.0 18
1714804204103 19.0 19
1714809528391 20.0 20
1714814534316 21.0 21
1714816607935 22.0 22
1714818685136 23.0 23
1714820771762 24.0 24
1714822864996 25.0 25
1714824966993 26.0 26
1714827056890 27.0 27
1714829128819 28.0 28
1714831205956 29.0 29
