1714703405369 25796584.0 0
1714708801856 25796584.0 1
1714714061701 25796584.0 2
1714719407564 25796584.0 3
1714724651029 25796584.0 4
1714729993218 25796584.0 5
1714735343331 25796584.0 6
1714740518203 25796584.0 7
1714745889872 25796584.0 8
1714751240767 25796584.0 9
1714756429758 25796584.0 10
1714761745260 25796584.0 11
1714767129399 25796584.0 12
1714772354481 25796584.0 13
1714777709336 25796584.0 14
1714782967996 25796584.0 15
1714788322002 25796584.0 16
1714793693714 25796584.0 17
1714798859471 25796584.0 18
1714804204105 25796584.0 19
1714809528393 25796584.0 20
1714814534320 25796584.0 21
1714816607936 25796584.0 22
1714818685137 25796584.0 23
1714820771763 25796584.0 24
1714822864998 25796584.0 25
1714824966994 25796584.0 26
1714827056890 25796584.0 27
1714829128820 25796584.0 28
1714831205957 25796584.0 29
