1714703405364 3.187313238833305 0
1714708801845 3.075171649080815 1
1714714061670 3.05104553806696 2
1714719407559 3.033571823508286 3
1714724650991 3.027059494740338 4
1714729993213 3.0111684147640765 5
1714735343323 3.003470799423379 6
1714740518190 3.0011063011989987 7
1714745889867 2.9973130446615266 8
1714751240762 2.9923962482290682 9
1714756429751 2.9903421414960967 10
1714761745236 2.9836289236585585 11
1714767129393 2.9878835941282964 12
1714772354475 2.9798560563346848 13
1714777709330 2.975786288484014 14
1714782967990 2.9727760540436114 15
1714788321995 2.96912856025995 16
1714793693684 2.9703089108141207 17
1714798859466 2.970794480201676 18
1714804204096 2.9627725599969414 19
1714809528385 2.9670639227834537 20
1714814534294 2.9590561296656834 21
1714816607931 2.955311737466249 22
1714818685131 2.9605059478756526 23
1714820771759 2.958046375329403 24
1714822864988 2.952170651855705 25
1714824966988 2.9429569219609055 26
1714827056884 2.9493621759694353 27
1714829128815 2.9479029424708907 28
1714831205952 2.9496606001905876 29
