1714703405362 9.99999999999966e-06 0
1714708801843 9.99999999999966e-06 1
1714714061657 8.999999999999726e-06 2
1714719407557 8.000000000000025e-06 3
1714724650987 7.000000000000056e-06 4
1714729993211 6.00000000000035e-06 5
1714735343321 5.334936490538839e-06 6
1714740518187 5.477457514062884e-06 7
1714745889865 5.642137936306613e-06 8
1714751240760 5.8271734841024646e-06 9
1714756429748 6.030536869268522e-06 10
1714761745230 6.249999999999721e-06 11
1714767129390 6.4831583923108576e-06 12
1714772354473 6.727457514062792e-06 13
1714777709327 6.980220772955651e-06 14
1714782967987 7.23867884183087e-06 15
1714788321993 7.500000000000273e-06 16
1714793693680 7.76132115816911e-06 17
1714798859465 8.019779227044435e-06 18
1714804204094 8.272542485937273e-06 19
1714809528382 8.516841607689792e-06 20
1714814534282 8.749999999999577e-06 21
1714816607928 8.969463130731522e-06 22
1714818685129 9.172826515896781e-06 23
1714820771757 9.35786206369304e-06 24
1714822864984 9.522542485937104e-06 25
1714824966986 9.665063509460774e-06 26
1714827056881 9.783863644106732e-06 27
1714829128813 9.877641290737693e-06 28
1714831205949 9.945369001834221e-06 29
