1713122001571 9.99999999999966e-06 0
1713123074202 9.99999999999966e-06 1
1713124149634 8.999999999999726e-06 2
1713125225193 8.000000000000025e-06 3
1713126293724 7.000000000000056e-06 4
1713127358460 6.00000000000035e-06 5
1713128423922 5.334936490538839e-06 6
1713129502458 5.477457514062884e-06 7
1713130577432 5.642137936306613e-06 8
1713131650868 5.8271734841024646e-06 9
1713132728930 6.030536869268522e-06 10
1713133798573 6.249999999999721e-06 11
1713134867120 6.4831583923108576e-06 12
1713135929533 6.727457514062792e-06 13
1713136997703 6.980220772955651e-06 14
1713138073776 7.23867884183087e-06 15
1713139143634 7.500000000000273e-06 16
1713140216831 7.76132115816911e-06 17
