1713122001572 3.623027750598393 0
1713123074203 3.548484070469245 1
1713124149635 3.5336445753963637 2
1713125225195 3.518429693838151 3
1713126293725 3.51360067490527 4
1713127358462 3.501546037824844 5
1713128423924 3.4940274695364786 6
1713129502460 3.4940501017143113 7
1713130577434 3.490346571059822 8
1713131650870 3.4894972151453545 9
1713132728933 3.4845725834953316 10
1713133798577 3.480337976629166 11
1713134867122 3.4856587322853168 12
1713135929535 3.4780820938084815 13
1713136997705 3.4793204674594027 14
1713138073777 3.4755522611079743 15
1713139143637 3.4735758239321477 16
1713140216834 3.4781824127077865 17
