1713330483136 0.0 0
1713333735584 1.0 1
1713336947572 2.0 2
1713340194623 3.0 3
1713343449171 4.0 4
1713346659183 5.0 5
1713349917994 6.0 6
1713353133030 7.0 7
1713356391864 8.0 8
1713359619549 9.0 9
1713362874937 10.0 10
1713366113536 11.0 11
1713369378214 12.0 12
1713372605927 13.0 13
1713375865290 14.0 14
1713379089307 15.0 15
1713382363490 16.0 16
1713385621666 17.0 17
1713388882784 18.0 18
1713392094887 19.0 19
1713395351227 20.0 20
1713398565801 21.0 21
1713401806988 22.0 22
1713405027610 23.0 23
1713408253360 24.0 24
1713411485856 25.0 25
1713414720009 26.0 26
1713417931691 27.0 27
1713421186041 28.0 28
1713424400354 29.0 29
