1713330483137 25796584.0 0
1713333735585 25796584.0 1
1713336947573 25796584.0 2
1713340194624 25796584.0 3
1713343449172 25796584.0 4
1713346659184 25796584.0 5
1713349917995 25796584.0 6
1713353133031 25796584.0 7
1713356391865 25796584.0 8
1713359619551 25796584.0 9
1713362874938 25796584.0 10
1713366113537 25796584.0 11
1713369378216 25796584.0 12
1713372605928 25796584.0 13
1713375865291 25796584.0 14
1713379089308 25796584.0 15
1713382363491 25796584.0 16
1713385621667 25796584.0 17
1713388882786 25796584.0 18
1713392094888 25796584.0 19
1713395351229 25796584.0 20
1713398565802 25796584.0 21
1713401806990 25796584.0 22
1713405027611 25796584.0 23
1713408253361 25796584.0 24
1713411485858 25796584.0 25
1713414720010 25796584.0 26
1713417931692 25796584.0 27
1713421186042 25796584.0 28
1713424400355 25796584.0 29
