1713330483133 3.0750270576736733 0
1713333735581 3.013068193618637 1
1713336947569 2.9912266314759304 2
1713340194620 2.982336761610168 3
1713343449168 2.968679701355794 4
1713346659179 2.9595987702142645 5
1713349917989 2.9535757461667447 6
1713353133026 2.955921469376798 7
1713356391859 2.9516779593518456 8
1713359619545 2.944568369569047 9
1713362874932 2.9478228116553633 10
1713366113533 2.9480736566251022 11
1713369378210 2.9432954607800843 12
1713372605924 2.9401049675478093 13
1713375865285 2.938421089530676 14
1713379089302 2.9383776603804033 15
1713382363486 2.9284580217014096 16
1713385621661 2.9397417856757713 17
1713388882780 2.9348083886092464 18
1713392094882 2.9288001596942532 19
1713395351223 2.931989848426125 20
1713398565796 2.93342327708874 21
1713401806984 2.9239965891439024 22
1713405027604 2.9269382593008153 23
1713408253357 2.920567026729141 24
1713411485852 2.9165048911694793 25
1713414720005 2.9188571263693763 26
1713417931687 2.9108498593732293 27
1713421186038 2.9206188325848603 28
1713424400349 2.913921790715012 29
