1713330483132 1.0000000000000396e-05 0
1713333735579 1.0000000000000396e-05 1
1713336947567 8.625000000000572e-06 2
1713340194619 7.250000000000264e-06 3
1713343449166 5.874999999999819e-06 4
1713346659177 4.49999999999988e-06 5
1713349917986 3.5855376744907754e-06 6
1713353133024 3.7815040818362706e-06 7
1713356391857 4.007939662421205e-06 8
1713359619543 4.262363540641478e-06 9
1713362874929 4.54198819524465e-06 10
1713366113531 4.8437500000002406e-06 11
1713369378207 5.164342789427185e-06 12
1713372605921 5.500254081836308e-06 13
1713375865283 5.847803562813543e-06 14
1713379089300 6.203183407517847e-06 15
1713382363484 6.56250000000039e-06 16
1713385621658 6.921816592482072e-06 17
1713388882778 7.277196437185945e-06 18
1713392094880 7.624745918164419e-06 19
1713395351220 7.960657210572639e-06 20
1713398565794 8.281249999999405e-06 21
1713401806981 8.583011804755106e-06 22
1713405027602 8.862636459358687e-06 23
1713408253355 9.11706033757819e-06 24
1713411485850 9.343495918163224e-06 25
1713414720003 9.53946232550926e-06 26
1713417931685 9.702812510646708e-06 27
1713421186036 9.831756774764797e-06 28
1713424400347 9.924882377522272e-06 29
