1717185858796 0.0 0
1717188765585 1.0 1
1717191672585 2.0 2
1717194583107 3.0 3
1717197493422 4.0 4
1717200401819 5.0 5
1717203303641 6.0 6
1717206215791 7.0 7
1717209135480 8.0 8
1717212058815 9.0 9
1717214984389 10.0 10
1717217909326 11.0 11
1717220840855 12.0 12
1717223773082 13.0 13
1717226700045 14.0 14
1717229633257 15.0 15
1717232563089 16.0 16
1717235499194 17.0 17
1717238417935 18.0 18
1717241340957 19.0 19
1717244276145 20.0 20
1717247206598 21.0 21
1717250121121 22.0 22
1717253016080 23.0 23
1717255914674 24.0 24
1717258819760 25.0 25
1717261730071 26.0 26
1717264636397 27.0 27
1717267537323 28.0 28
1717270436662 29.0 29
