1717185858798 25796584.0 0
1717188765586 25796584.0 1
1717191672588 25796584.0 2
1717194583108 25796584.0 3
1717197493423 25796584.0 4
1717200401820 25796584.0 5
1717203303644 25796584.0 6
1717206215792 25796584.0 7
1717209135482 25796584.0 8
1717212058816 25796584.0 9
1717214984390 25796584.0 10
1717217909328 25796584.0 11
1717220840856 25796584.0 12
1717223773083 25796584.0 13
1717226700046 25796584.0 14
1717229633258 25796584.0 15
1717232563091 25796584.0 16
1717235499200 25796584.0 17
1717238417935 25796584.0 18
1717241340958 25796584.0 19
1717244276147 25796584.0 20
1717247206599 25796584.0 21
1717250121123 25796584.0 22
1717253016081 25796584.0 23
1717255914675 25796584.0 24
1717258819762 25796584.0 25
1717261730072 25796584.0 26
1717264636398 25796584.0 27
1717267537324 25796584.0 28
1717270436663 25796584.0 29
