1717185858790 3.344403482032575 0
1717188765581 3.1253058460952756 1
1717191672574 3.084624408710775 2
1717194583103 3.0641905849905227 3
1717197493418 3.0517612953814006 4
1717200401816 3.035365105389977 5
1717203303631 3.0378994440598834 6
1717206215787 3.0267160539385034 7
1717209135471 3.025844432074103 8
1717212058812 3.026344080474213 9
1717214984385 3.026239866815168 10
1717217909303 3.010294874765271 11
1717220840851 3.011703293303029 12
1717223773076 3.009274203988383 13
1717226700039 3.0095116189367577 14
1717229633253 3.0006328329122325 15
1717232563067 3.0119037451349095 16
1717235499172 3.0045695780433244 17
1717238417929 2.9999229842000346 18
1717241340951 2.999104432446017 19
1717244276136 2.992015091111239 20
1717247206594 2.9927754549028203 21
1717250121115 2.9903791764919325 22
1717253016075 2.9917891075154195 23
1717255914670 2.986897355110811 24
1717258819755 2.9871477726206694 25
1717261730066 2.9801534364739957 26
1717264636391 2.9770013832752937 27
1717267537319 2.9805588813112984 28
1717270436659 2.983614468150478 29
