1717185858788 1.000000000000093e-05 0
1717188765580 1.000000000000093e-05 1
1717191672570 8.500000000000933e-06 2
1717194583102 7.000000000000059e-06 3
1717197493417 5.499999999999497e-06 4
1717200401814 4.000000000000272e-06 5
1717203303589 3.002404735808026e-06 6
1717206215785 3.2161862710942096e-06 7
1717209135468 3.4632069044597367e-06 8
1717212058810 3.740760226154598e-06 9
1717214984383 4.0458053039032985e-06 10
1717217909299 4.374999999999976e-06 11
1717220840848 4.7247375884660115e-06 12
1717223773074 5.091186271094294e-06 13
1717226700036 5.4703311594336334e-06 14
1717229633252 5.858018262746417e-06 15
1717232563054 6.249999999999516e-06 16
1717235499160 6.641981737253179e-06 17
1717238417927 7.029668840565708e-06 18
1717241340948 7.408813728906323e-06 19
1717244276132 7.775262411534157e-06 20
1717247206592 8.12499999999985e-06 21
1717250121113 8.454194696097381e-06 22
1717253016073 8.759239773845571e-06 23
1717255914669 9.036793095539869e-06 24
1717258819753 9.28381372890713e-06 25
1717261730064 9.497595264191133e-06 26
1717264636389 9.675795466159296e-06 27
1717267537317 9.816461936107984e-06 28
1717270436657 9.918053502750667e-06 29
