1714549305394 0.0 0
1714551396690 1.0 1
1714553481442 2.0 2
1714555566127 3.0 3
1714557659464 4.0 4
1714559753536 5.0 5
1714561857674 6.0 6
1714563962437 7.0 7
1714566046055 8.0 8
1714568129248 9.0 9
1714570223625 10.0 10
1714572322145 11.0 11
1714574425750 12.0 12
1714576515133 13.0 13
1714578583282 14.0 14
1714580656786 15.0 15
1714582738324 16.0 16
1714584821783 17.0 17
1714586905599 18.0 18
1714588981108 19.0 19
1714591047733 20.0 20
1714593114773 21.0 21
1714595177936 22.0 22
1714597241119 23.0 23
1714599305417 24.0 24
1714601380520 25.0 25
1714603450899 26.0 26
1714605522647 27.0 27
1714607586774 28.0 28
1714609655979 29.0 29
