1714549305396 25796584.0 0
1714551396691 25796584.0 1
1714553481443 25796584.0 2
1714555566127 25796584.0 3
1714557659466 25796584.0 4
1714559753537 25796584.0 5
1714561857684 25796584.0 6
1714563962438 25796584.0 7
1714566046056 25796584.0 8
1714568129249 25796584.0 9
1714570223626 25796584.0 10
1714572322146 25796584.0 11
1714574425751 25796584.0 12
1714576515134 25796584.0 13
1714578583284 25796584.0 14
1714580656787 25796584.0 15
1714582738325 25796584.0 16
1714584821784 25796584.0 17
1714586905600 25796584.0 18
1714588981109 25796584.0 19
1714591047735 25796584.0 20
1714593114774 25796584.0 21
1714595177937 25796584.0 22
1714597241120 25796584.0 23
1714599305418 25796584.0 24
1714601380521 25796584.0 25
1714603450900 25796584.0 26
1714605522648 25796584.0 27
1714607586776 25796584.0 28
1714609655980 25796584.0 29
