1714549305384 2.984895522788846 0
1714551396687 2.9364322895745483 1
1714553481439 2.925299446472971 2
1714555566123 2.9142584781304635 3
1714557659455 2.9125602247177076 4
1714559753533 2.9004147282297565 5
1714561857666 2.894969092897898 6
1714563962434 2.8954393796735913 7
1714566046051 2.892401334270537 8
1714568129244 2.8887189237726965 9
1714570223620 2.8874302757836934 10
1714572322140 2.882398824724886 11
1714574425746 2.887770455810044 12
1714576515129 2.880992328788308 13
1714578583278 2.8798219591295786 14
1714580656782 2.876189472685329 15
1714582738321 2.872863231642212 16
1714584821780 2.8754283704107806 17
1714586905595 2.876398554642042 18
1714588981103 2.869060752691506 19
1714591047728 2.8742503958414023 20
1714593114770 2.8671938456076798 21
1714595177933 2.8655656008757084 22
1714597241114 2.8691947189488 23
1714599305412 2.8675232554654135 24
1714601380517 2.8633205546237392 25
1714603450894 2.854183407781793 26
1714605522643 2.860751568032302 27
1714607586770 2.859683463756415 28
1714609655974 2.861375773023311 29
