1714549305381 9.99999999999966e-06 0
1714551396685 9.99999999999966e-06 1
1714553481437 8.999999999999726e-06 2
1714555566121 8.000000000000025e-06 3
1714557659452 7.000000000000056e-06 4
1714559753532 6.00000000000035e-06 5
1714561857663 5.334936490538839e-06 6
1714563962432 5.477457514062884e-06 7
1714566046049 5.642137936306613e-06 8
1714568129241 5.8271734841024646e-06 9
1714570223618 6.030536869268522e-06 10
1714572322138 6.249999999999721e-06 11
1714574425744 6.4831583923108576e-06 12
1714576515127 6.727457514062792e-06 13
1714578583275 6.980220772955651e-06 14
1714580656781 7.23867884183087e-06 15
1714582738319 7.500000000000273e-06 16
1714584821778 7.76132115816911e-06 17
1714586905592 8.019779227044435e-06 18
1714588981100 8.272542485937273e-06 19
1714591047726 8.516841607689792e-06 20
1714593114768 8.749999999999577e-06 21
1714595177929 8.969463130731522e-06 22
1714597241112 9.172826515896781e-06 23
1714599305408 9.35786206369304e-06 24
1714601380516 9.522542485937104e-06 25
1714603450891 9.665063509460774e-06 26
1714605522641 9.783863644106732e-06 27
1714607586767 9.877641290737693e-06 28
1714609655972 9.945369001834221e-06 29
