1712976807943 4.223191104156317 0
1712980837617 3.91322480613808 1
1712984887257 3.840438289893903 2
1712988945567 3.795802454266855 3
1712993012981 3.7835310841564365 4
1712997082921 3.762900536443642 5
1713001156576 3.760096298133155 6
1713005227335 3.7377797898164182 7
1713009283706 3.7386312666211388 8
1713013368850 3.74038485751497 9
1713017443196 3.7327344093403276 10
1713021519918 3.7498251137842566 11
1713025564227 3.762619146280628 12
1713029597792 3.7481699186525375 13
1713033632942 3.7829986009166108 14
1713037687764 3.7760583885448824 15
1713041756384 3.794921074696868 16
1713045808987 3.793171374953622 17
