1712976807941 9.99999999999966e-06 0
1712980837615 9.99999999999966e-06 1
1712984887256 8.999999999999726e-06 2
1712988945565 8.000000000000025e-06 3
1712993012979 7.000000000000056e-06 4
1712997082919 6.00000000000035e-06 5
1713001156574 5.334936490538839e-06 6
1713005227334 5.477457514062884e-06 7
1713009283703 5.642137936306613e-06 8
1713013368847 5.8271734841024646e-06 9
1713017443194 6.030536869268522e-06 10
1713021519916 6.249999999999721e-06 11
1713025564226 6.4831583923108576e-06 12
1713029597790 6.727457514062792e-06 13
1713033632940 6.980220772955651e-06 14
1713037687762 7.23867884183087e-06 15
1713041756382 7.500000000000273e-06 16
1713045808985 7.76132115816911e-06 17
