1713086822834 0.0 0
1713087777122 1.0 1
1713088738681 2.0 2
1713089699041 3.0 3
1713090660752 4.0 4
1713091622619 5.0 5
1713092579951 6.0 6
1713093540063 7.0 7
1713094500538 8.0 8
1713095461360 9.0 9
1713096426121 10.0 10
1713097375381 11.0 11
1713098336516 12.0 12
1713099291060 13.0 13
1713100250246 14.0 14
1713101208207 15.0 15
1713102167737 16.0 16
1713103122652 17.0 17
1713104083438 18.0 18
1713105041088 19.0 19
1713106005458 20.0 20
1713106966141 21.0 21
1713107928779 22.0 22
1713108894726 23.0 23
1713109857073 24.0 24
1713110826951 25.0 25
1713111787587 26.0 26
1713112743471 27.0 27
1713113701426 28.0 28
1713114664262 29.0 29
