1713086822835 7148008.0 0
1713087777123 7148008.0 1
1713088738682 7148008.0 2
1713089699042 7148008.0 3
1713090660753 7148008.0 4
1713091622620 7148008.0 5
1713092579951 7148008.0 6
1713093540064 7148008.0 7
1713094500539 7148008.0 8
1713095461361 7148008.0 9
1713096426121 7148008.0 10
1713097375381 7148008.0 11
1713098336517 7148008.0 12
1713099291061 7148008.0 13
1713100250247 7148008.0 14
1713101208208 7148008.0 15
1713102167737 7148008.0 16
1713103122652 7148008.0 17
1713104083439 7148008.0 18
1713105041089 7148008.0 19
1713106005459 7148008.0 20
1713106966142 7148008.0 21
1713107928780 7148008.0 22
1713108894727 7148008.0 23
1713109857074 7148008.0 24
1713110826952 7148008.0 25
1713111787587 7148008.0 26
1713112743472 7148008.0 27
1713113701427 7148008.0 28
1713114664263 7148008.0 29
