1713086822831 4.338466564623667 0
1713087777119 3.906045812044403 1
1713088738678 3.823446838838829 2
1713089699036 3.7772035421275025 3
1713090660749 3.75370059219553 4
1713091622616 3.7272754964842307 5
1713092579948 3.710549915478908 6
1713093540060 3.704982528244134 7
1713094500535 3.6954460419196304 8
1713095461356 3.6891152920316066 9
1713096426118 3.678106042716524 10
1713097375377 3.6677739131126663 11
1713098336513 3.668770608141554 12
1713099291054 3.658055231409917 13
1713100250243 3.661919118838011 14
1713101208204 3.6468633107727855 15
1713102167734 3.6405886748819043 16
1713103122648 3.6425793513858156 17
1713104083435 3.640292194422534 18
1713105041084 3.633760456314428 19
1713106005455 3.632935393157956 20
1713106966136 3.619203781153706 21
1713107928776 3.6172575065307764 22
1713108894723 3.6192528633810253 23
1713109857069 3.612534064087841 24
1713110826948 3.6102905974066037 25
1713111787583 3.593993746464868 26
1713112743467 3.603177616993586 27
1713113701423 3.5990044523259814 28
1713114664258 3.6016409684309094 29
