1713086822829 9.99999999999966e-06 0
1713087777118 9.99999999999966e-06 1
1713088738677 8.999999999999726e-06 2
1713089699034 8.000000000000025e-06 3
1713090660748 7.000000000000056e-06 4
1713091622615 6.00000000000035e-06 5
1713092579946 5.334936490538839e-06 6
1713093540059 5.477457514062884e-06 7
1713094500533 5.642137936306613e-06 8
1713095461353 5.8271734841024646e-06 9
1713096426116 6.030536869268522e-06 10
1713097375376 6.249999999999721e-06 11
1713098336512 6.4831583923108576e-06 12
1713099291049 6.727457514062792e-06 13
1713100250242 6.980220772955651e-06 14
1713101208203 7.23867884183087e-06 15
1713102167732 7.500000000000273e-06 16
1713103122647 7.76132115816911e-06 17
1713104083433 8.019779227044435e-06 18
1713105041081 8.272542485937273e-06 19
1713106005454 8.516841607689792e-06 20
1713106966133 8.749999999999577e-06 21
1713107928775 8.969463130731522e-06 22
1713108894722 9.172826515896781e-06 23
1713109857067 9.35786206369304e-06 24
1713110826945 9.522542485937104e-06 25
1713111787582 9.665063509460774e-06 26
1713112743465 9.783863644106732e-06 27
1713113701420 9.877641290737693e-06 28
1713114664256 9.945369001834221e-06 29
