1713054151441 0.0 0
1713055229366 1.0 1
1713056302935 2.0 2
1713057371344 3.0 3
1713058442559 4.0 4
1713059517559 5.0 5
1713060600915 6.0 6
1713061682955 7.0 7
1713062770398 8.0 8
1713063847864 9.0 9
1713064927928 10.0 10
1713066009481 11.0 11
1713067082305 12.0 12
1713068155824 13.0 13
1713069232133 14.0 14
1713070309779 15.0 15
1713071388916 16.0 16
1713072460707 17.0 17
1713073533660 18.0 18
1713074605348 19.0 19
1713075671864 20.0 20
1713076743750 21.0 21
1713077818498 22.0 22
1713078893012 23.0 23
1713079969089 24.0 24
1713081042829 25.0 25
1713082116110 26.0 26
1713083182136 27.0 27
1713084252484 28.0 28
1713085324390 29.0 29
