1713054151442 7148008.0 0
1713055229367 7148008.0 1
1713056302936 7148008.0 2
1713057371345 7148008.0 3
1713058442560 7148008.0 4
1713059517560 7148008.0 5
1713060600916 7148008.0 6
1713061682956 7148008.0 7
1713062770399 7148008.0 8
1713063847865 7148008.0 9
1713064927929 7148008.0 10
1713066009482 7148008.0 11
1713067082306 7148008.0 12
1713068155825 7148008.0 13
1713069232134 7148008.0 14
1713070309779 7148008.0 15
1713071388917 7148008.0 16
1713072460708 7148008.0 17
1713073533661 7148008.0 18
1713074605349 7148008.0 19
1713075671865 7148008.0 20
1713076743751 7148008.0 21
1713077818499 7148008.0 22
1713078893013 7148008.0 23
1713079969090 7148008.0 24
1713081042830 7148008.0 25
1713082116111 7148008.0 26
1713083182138 7148008.0 27
1713084252485 7148008.0 28
1713085324391 7148008.0 29
