1713054151436 9.99999999999966e-06 0
1713055229361 9.99999999999966e-06 1
1713056302930 8.999999999999726e-06 2
1713057371339 8.000000000000025e-06 3
1713058442553 7.000000000000056e-06 4
1713059517555 6.00000000000035e-06 5
1713060600910 5.334936490538839e-06 6
1713061682950 5.477457514062884e-06 7
1713062770392 5.642137936306613e-06 8
1713063847859 5.8271734841024646e-06 9
1713064927923 6.030536869268522e-06 10
1713066009475 6.249999999999721e-06 11
1713067082299 6.4831583923108576e-06 12
1713068155819 6.727457514062792e-06 13
1713069232128 6.980220772955651e-06 14
1713070309774 7.23867884183087e-06 15
1713071388910 7.500000000000273e-06 16
1713072460702 7.76132115816911e-06 17
1713073533654 8.019779227044435e-06 18
1713074605341 8.272542485937273e-06 19
1713075671858 8.516841607689792e-06 20
1713076743745 8.749999999999577e-06 21
1713077818493 8.969463130731522e-06 22
1713078893007 9.172826515896781e-06 23
1713079969082 9.35786206369304e-06 24
1713081042824 9.522542485937104e-06 25
1713082116105 9.665063509460774e-06 26
1713083182127 9.783863644106732e-06 27
1713084252478 9.877641290737693e-06 28
1713085324385 9.945369001834221e-06 29
