1713054151438 3.5443769353959294 0
1713055229363 3.4923662977705567 1
1713056302932 3.4812014455691895 2
1713057371341 3.4694661350785303 3
1713058442556 3.465784738395664 4
1713059517556 3.454463025607127 5
1713060600912 3.4476940465345085 6
1713061682952 3.448899035080731 7
1713062770394 3.4454921339031794 8
1713063847861 3.4454908733018677 9
1713064927925 3.44090781572292 10
1713066009477 3.436742677528271 11
1713067082302 3.4429324815670648 12
1713068155820 3.435846390311333 13
1713069232129 3.4377513685338883 14
1713070309775 3.4337240361171566 15
1713071388912 3.4324946779665426 16
1713072460704 3.4371268440374463 17
1713073533657 3.438050361935326 18
1713074605343 3.43350309702299 19
1713075671860 3.437508242093116 20
1713076743747 3.428081374237244 21
1713077818495 3.427966537396256 22
1713078893008 3.432168442949498 23
1713079969084 3.429056877206317 24
1713081042825 3.429394498318553 25
1713082116107 3.414980947018432 26
1713083182130 3.4263860357703444 27
1713084252481 3.4243367891862904 28
1713085324387 3.429294134519226 29
