1714701577692 0.0 0
1714705438620 1.0 1
1714709288720 2.0 2
1714713317807 3.0 3
1714717211565 4.0 4
1714721049697 5.0 5
1714724899931 6.0 6
1714728927183 7.0 7
1714732739283 8.0 8
1714736596521 9.0 9
1714740511223 10.0 10
1714744572621 11.0 11
1714748388807 12.0 12
1714752184788 13.0 13
1714756103204 14.0 14
1714760075245 15.0 15
1714763910978 16.0 16
1714767755327 17.0 17
1714771725673 18.0 18
1714775579340 19.0 19
1714779382129 20.0 20
1714783268178 21.0 21
1714787341379 22.0 22
1714791201942 23.0 23
1714795070320 24.0 24
1714798891448 25.0 25
1714802905828 26.0 26
1714806727578 27.0 27
1714810546395 28.0 28
1714814477210 29.0 29
