1714701577694 25796584.0 0
1714705438621 25796584.0 1
1714709288721 25796584.0 2
1714713317809 25796584.0 3
1714717211566 25796584.0 4
1714721049700 25796584.0 5
1714724899932 25796584.0 6
1714728927184 25796584.0 7
1714732739284 25796584.0 8
1714736596522 25796584.0 9
1714740511223 25796584.0 10
1714744572622 25796584.0 11
1714748388808 25796584.0 12
1714752184789 25796584.0 13
1714756103205 25796584.0 14
1714760075247 25796584.0 15
1714763910980 25796584.0 16
1714767755329 25796584.0 17
1714771725674 25796584.0 18
1714775579341 25796584.0 19
1714779382130 25796584.0 20
1714783268179 25796584.0 21
1714787341380 25796584.0 22
1714791201943 25796584.0 23
1714795070330 25796584.0 24
1714798891450 25796584.0 25
1714802905828 25796584.0 26
1714806727580 25796584.0 27
1714810546398 25796584.0 28
1714814477211 25796584.0 29
