1714701577680 9.99999999999966e-06 0
1714705438614 9.99999999999966e-06 1
1714709288710 8.999999999999726e-06 2
1714713317796 8.000000000000025e-06 3
1714717211558 7.000000000000056e-06 4
1714721049666 6.00000000000035e-06 5
1714724899922 5.334936490538839e-06 6
1714728927176 5.477457514062884e-06 7
1714732739277 5.642137936306613e-06 8
1714736596515 5.8271734841024646e-06 9
1714740511217 6.030536869268522e-06 10
1714744572613 6.249999999999721e-06 11
1714748388801 6.4831583923108576e-06 12
1714752184782 6.727457514062792e-06 13
1714756103198 6.980220772955651e-06 14
1714760075238 7.23867884183087e-06 15
1714763910972 7.500000000000273e-06 16
1714767755322 7.76132115816911e-06 17
1714771725665 8.019779227044435e-06 18
1714775579334 8.272542485937273e-06 19
1714779382123 8.516841607689792e-06 20
1714783268170 8.749999999999577e-06 21
1714787341373 8.969463130731522e-06 22
1714791201934 9.172826515896781e-06 23
1714795070308 9.35786206369304e-06 24
1714798891440 9.522542485937104e-06 25
1714802905822 9.665063509460774e-06 26
1714806727568 9.783863644106732e-06 27
1714810546385 9.877641290737693e-06 28
1714814477204 9.945369001834221e-06 29
