1714701577684 3.1876774236774272 0
1714705438616 3.095036657409464 1
1714709288713 3.0742039239580494 2
1714713317799 3.0584817829844857 3
1714717211560 3.0521033916661113 4
1714721049671 3.0375498819956297 5
1714724899925 3.029473758233394 6
1714728927178 3.0272504347357914 7
1714732739279 3.0231331681354727 8
1714736596517 3.0185129059244877 9
1714740511219 3.0156858313343315 10
1714744572616 3.0098280001827757 11
1714748388803 3.0138122920188115 12
1714752184784 3.0059597898754093 13
1714756103200 3.002870400359543 14
1714760075240 2.9997077557049114 15
1714763910975 2.9947427110992177 16
1714767755324 2.997704282474461 17
1714771725667 2.997708718285715 18
1714775579336 2.990003468529831 19
1714779382125 2.993775090665745 20
1714783268173 2.9855096314331706 21
1714787341375 2.981164617271875 22
1714791201935 2.9862411653550027 23
1714795070311 2.9852682665157184 24
1714798891443 2.9793052269602947 25
1714802905824 2.9699341395466354 26
1714806727571 2.975418223900427 27
1714810546388 2.9757055229039118 28
1714814477206 2.976410875449792 29
