1714616022482 0.0 0
1714618087833 1.0 1
1714620158783 2.0 2
1714622241158 3.0 3
1714624322414 4.0 4
1714626397333 5.0 5
1714628465143 6.0 6
1714630542646 7.0 7
1714632626498 8.0 8
1714634711495 9.0 9
1714636792688 10.0 10
1714638885911 11.0 11
1714640976271 12.0 12
1714643059791 13.0 13
1714645138396 14.0 14
1714647226385 15.0 15
1714649327647 16.0 16
1714651421350 17.0 17
1714653497095 18.0 18
1714655569794 19.0 19
1714657651921 20.0 20
1714659733808 21.0 21
1714661823198 22.0 22
1714663916010 23.0 23
1714665992245 24.0 24
1714668064294 25.0 25
1714670140532 26.0 26
1714672219170 27.0 27
1714674296743 28.0 28
1714676375521 29.0 29
