1714616022483 25796584.0 0
1714618087834 25796584.0 1
1714620158786 25796584.0 2
1714622241159 25796584.0 3
1714624322415 25796584.0 4
1714626397334 25796584.0 5
1714628465144 25796584.0 6
1714630542647 25796584.0 7
1714632626499 25796584.0 8
1714634711496 25796584.0 9
1714636792691 25796584.0 10
1714638885912 25796584.0 11
1714640976272 25796584.0 12
1714643059793 25796584.0 13
1714645138399 25796584.0 14
1714647226386 25796584.0 15
1714649327648 25796584.0 16
1714651421351 25796584.0 17
1714653497096 25796584.0 18
1714655569795 25796584.0 19
1714657651923 25796584.0 20
1714659733810 25796584.0 21
1714661823199 25796584.0 22
1714663916012 25796584.0 23
1714665992246 25796584.0 24
1714668064295 25796584.0 25
1714670140533 25796584.0 26
1714672219171 25796584.0 27
1714674296744 25796584.0 28
1714676375522 25796584.0 29
