1714616022479 3.1934269745406105 0
1714618087828 3.0969974375445304 1
1714620158776 3.0750829055667115 2
1714622241155 3.0591814804086677 3
1714624322409 3.053832830880567 4
1714626397328 3.0378220249816095 5
1714628465136 3.030232853782501 6
1714630542643 3.0289911688994064 7
1714632626493 3.024378446294821 8
1714634711492 3.0198924875647712 9
1714636792676 3.0179820904533545 10
1714638885907 3.010787750665042 11
1714640976268 3.0152949135151985 12
1714643059786 3.006674684381647 13
1714645138387 3.0034882178683455 14
1714647226382 2.999298303187799 15
1714649327644 2.9959989739812727 16
1714651421346 2.9979379853125003 17
1714653497091 2.9977380840076533 18
1714655569790 2.989488548404879 19
1714657651913 2.9937705010544957 20
1714659733800 2.9846810158327233 21
1714661823192 2.981216685294057 22
1714663916002 2.9867046105382826 23
1714665992241 2.985340507446433 24
1714668064291 2.978838573286621 25
1714670140528 2.969131924051175 26
1714672219165 2.9757976191256827 27
1714674296739 2.974105424041466 28
1714676375516 2.9756579171541593 29
