1714616022477 9.99999999999966e-06 0
1714618087826 9.99999999999966e-06 1
1714620158773 8.999999999999726e-06 2
1714622241153 8.000000000000025e-06 3
1714624322406 7.000000000000056e-06 4
1714626397325 6.00000000000035e-06 5
1714628465133 5.334936490538839e-06 6
1714630542641 5.477457514062884e-06 7
1714632626491 5.642137936306613e-06 8
1714634711490 5.8271734841024646e-06 9
1714636792671 6.030536869268522e-06 10
1714638885905 6.249999999999721e-06 11
1714640976265 6.4831583923108576e-06 12
1714643059784 6.727457514062792e-06 13
1714645138384 6.980220772955651e-06 14
1714647226380 7.23867884183087e-06 15
1714649327642 7.500000000000273e-06 16
1714651421344 7.76132115816911e-06 17
1714653497088 8.019779227044435e-06 18
1714655569788 8.272542485937273e-06 19
1714657651900 8.516841607689792e-06 20
1714659733797 8.749999999999577e-06 21
1714661823189 8.969463130731522e-06 22
1714663915999 9.172826515896781e-06 23
1714665992238 9.35786206369304e-06 24
1714668064289 9.522542485937104e-06 25
1714670140525 9.665063509460774e-06 26
1714672219162 9.783863644106732e-06 27
1714674296737 9.877641290737693e-06 28
1714676375515 9.945369001834221e-06 29
