1714874776451 0.0 0
1714877625153 1.0 1
1714880482685 2.0 2
1714883341615 3.0 3
1714886206971 4.0 4
1714889041191 5.0 5
1714891830854 6.0 6
1714894637568 7.0 7
1714897472483 8.0 8
1714900322585 9.0 9
1714903138628 10.0 10
1714905982314 11.0 11
1714908854020 12.0 12
1714911696798 13.0 13
1714914552239 14.0 14
1714917417633 15.0 15
1714920285563 16.0 16
1714923145376 17.0 17
1714925991718 18.0 18
1714928796267 19.0 19
1714931599717 20.0 20
1714934424163 21.0 21
1714937243547 22.0 22
1714940074226 23.0 23
1714942915782 24.0 24
1714945772285 25.0 25
1714948623205 26.0 26
1714951488512 27.0 27
1714954348934 28.0 28
