1714874776452 25796584.0 0
1714877625155 25796584.0 1
1714880482686 25796584.0 2
1714883341637 25796584.0 3
1714886206974 25796584.0 4
1714889041192 25796584.0 5
1714891830856 25796584.0 6
1714894637574 25796584.0 7
1714897472517 25796584.0 8
1714900322587 25796584.0 9
1714903138630 25796584.0 10
1714905982328 25796584.0 11
1714908854022 25796584.0 12
1714911696800 25796584.0 13
1714914552240 25796584.0 14
1714917417634 25796584.0 15
1714920285564 25796584.0 16
1714923145378 25796584.0 17
1714925991719 25796584.0 18
1714928796268 25796584.0 19
1714931599718 25796584.0 20
1714934424164 25796584.0 21
1714937243548 25796584.0 22
1714940074227 25796584.0 23
1714942915784 25796584.0 24
1714945772286 25796584.0 25
1714948623207 25796584.0 26
1714951488514 25796584.0 27
1714954348935 25796584.0 28
