1714874776444 9.99999999999966e-06 0
1714877625106 9.99999999999966e-06 1
1714880482678 8.999999999999726e-06 2
1714883341584 8.000000000000025e-06 3
1714886206923 7.000000000000056e-06 4
1714889041184 6.00000000000035e-06 5
1714891830843 5.334936490538839e-06 6
1714894637538 5.477457514062884e-06 7
1714897472471 5.642137936306613e-06 8
1714900322549 5.8271734841024646e-06 9
1714903138617 6.030536869268522e-06 10
1714905982288 6.249999999999721e-06 11
1714908853989 6.4831583923108576e-06 12
1714911696763 6.727457514062792e-06 13
1714914552232 6.980220772955651e-06 14
1714917417624 7.23867884183087e-06 15
1714920285556 7.500000000000273e-06 16
1714923145365 7.76132115816911e-06 17
1714925991712 8.019779227044435e-06 18
1714928796259 8.272542485937273e-06 19
1714931599712 8.516841607689792e-06 20
1714934424156 8.749999999999577e-06 21
1714937243541 8.969463130731522e-06 22
1714940074219 9.172826515896781e-06 23
1714942915767 9.35786206369304e-06 24
1714945772277 9.522542485937104e-06 25
1714948623188 9.665063509460774e-06 26
1714951488488 9.783863644106732e-06 27
1714954348926 9.877641290737693e-06 28
