1714874776446 4.152297472889475 0
1714877625118 3.6771073307481696 1
1714880482680 3.5698139512901017 2
1714883341597 3.507768184041901 3
1714886206951 3.4754981911249105 4
1714889041187 3.439722149414744 5
1714891830846 3.4186332771341674 6
1714894637542 3.4070418359314223 7
1714897472474 3.3922857855745168 8
1714900322561 3.378672663488691 9
1714903138620 3.3672447420900866 10
1714905982292 3.3518681546790803 11
1714908853991 3.3494567045097727 12
1714911696766 3.3351416493193518 13
1714914552234 3.3249871488645684 14
1714917417628 3.3138959024914447 15
1714920285558 3.305413990849547 16
1714923145368 3.3014566499552283 17
1714925991714 3.2963970868076258 18
1714928796261 3.284096456206531 19
1714931599713 3.2827618561810157 20
1714934424159 3.268532634162598 21
1714937243543 3.26097623355907 22
1714940074221 3.2606676879892054 23
1714942915770 3.2554213897549182 24
1714945772281 3.2458225644702057 25
1714948623193 3.232192008073429 26
1714951488491 3.235125000117351 27
1714954348929 3.2301913287034996 28
